# Barenfeld et al 2017 2017ApJ...851...85B
#Table 2
#CO Fitting Results
#
#
#Source	$\mathrm{log}\tfrac{{S}_{0}}{\mathrm{Jy}\,\mathrm{km}\,{{\rm{s}}}^{-1}\,{\mathrm{arcsec}}^{-2}}$	gamma	R_CO (au)	Inclination (deg)	Position Angle (deg)
2MASS-J15521088-2125372	0.77 (-0.18, +0.32)	1.71 (-1.32, +0.05)	24 (-13, +11)	24 (-17, +39)	89 (-61, +57)
2MASS-J15530132-2114135	0.47 (-0.23, +0.51)	1.70 (-0.82, +0.08)	17 (-17, +37)	88 (-61, +2)	70 (-64, +47)
2MASS-J15534211-2049282	0.96 (-0.21, +0.26)	0.05 (-0.05, +0.63)	51 (-10, +10)	77 (-10, +8)	95 (-13, +11)
2MASS-J15562477-2225552	0.26 (-0.39, +0.56)	1.67 (-0.77, +0.12)	16 (-16, +104)	85 (-67, +5)	53 (-27, +79)
2MASS-J16001844-2230114	1.20 (-0.03, +0.04)	1.32 (-0.18, +0.11)	68 (-14, +16)	24 (-10, +27)	90 (-39, +41)
2MASS-J16014086-2258103	1.17 (-0.31, +0.53)	1.71 (-1.19, +0.06)	12 (-11, +13)	87 (-50, +3)	72 (-42, +55)
2MASS-J16020757-2257467	0.77 (-0.09, +0.14)	0.94 (-0.63, +0.26)	54 (-11, +13)	59 (-18, +12)	82 (-15, +16)
2MASS-J16035767-2031055	0.71 (-0.19, +0.33)	1.69 (-0.51, +0.07)	37 (-7, +182)	55 (-38, +23)	22 (-95, +30)
2MASS-J16035793-1942108	1.00 (-0.08, +0.06)	0.79 (-0.58, +0.19)	43 (-6, +7)	43 (-24, +10)	3 (-28, +23)
2MASS-J16062277-2011243	0.35 (-0.27, +0.78)	1.70 (-1.33, +0.07)	6 (-6, +37)	88 (-58, +2)	160 (-131, +12)
2MASS-J16075796-2040087	1.67 (-0.04, +0.04)	0.74 (-0.50, +0.31)	34 (-2, +6)	52 (-5, +4)	1 (-5, +5)
2MASS-J16081566-2222199	0.43 (-0.12, +0.18)	1.67 (-0.34, +0.09)	30 (-14, +129)	3 (-2, +52)	15 (-88, +50)
2MASS-J16082324-1930009	0.87 (-0.22, +0.34)	0.95 (-0.38, +0.37)	156 (-32, +29)	72 (-11, +12)	101 (-12, +14)
2MASS-J16090075-1908526	0.97 (-0.23, +0.17)	1.30 (-0.91, +0.26)	72 (-22, +42)	50 (-41, +10)	95 (-40, +62)
2MASS-J16095933-1800090	0.65 (-0.13, +0.23)	1.69 (-0.96, +0.08)	52 (-23, +33)	63 (-42, +16)	119 (-42, +40)
2MASS-J16104636-1840598	0.45 (-0.16, +0.36)	1.70 (-0.40, +0.08)	22 (-22, +148)	54 (-33, +25)	50 (-43, +68)
2MASS-J16115091-2012098	0.54 (-0.14, +0.56)	1.30 (-0.26, +0.26)	75 (-29, +241)	86 (-36, +4)	26 (-13, +13)
2MASS-J16123916-1859284	0.70 (-0.07, +0.07)	0.85 (-0.13, +0.09)	169 (-26, +24)	53 (-8, +6)	104 (-11, +14)
2MASS-J16142029-1906481	1.52 (-0.05, +0.07)	0.97 (-0.12, +0.09)	88 (-6, +6)	58 (-4, +4)	5 (-4, +4)
2MASS-J16143367-1900133	1.32 (-0.36, +0.35)	1.71 (-0.96, +0.07)	14 (-12, +12)	83 (-51, +5)	88 (-50, +76)
2MASS-J16154416-1921171	1.73 (-0.01, +0.01)	1.01 (-0.01, +0.01)	430 (-10, +10)	61 (-1, +1)	28 (-1, +1)
2MASS-J16163345-2521505	0.79 (-0.23, +0.36)	1.31 (-0.90, +0.27)	45 (-19, +22)	81 (-17, +7)	59 (-19, +16)
2MASS-J16181904-2028479	0.48 (-0.11, +0.28)	1.69 (-0.26, +0.07)	26 (-11, +176)	69 (-60, +5)	155 (-28, +59)	